1    FILEEND
2    ASSIGNOP
3    RELOP
4    ID
5    CONTROL
6    ADDOP
7    MULOP
8    WS
9    ARRAY
10   TYPE
11   VAR
12   NUM
13   PUNC
14   GROUP
15   INVERSE
16   LEXERR
17   SYNERR
18   SEMERR
      Line              Lexeme     Token Attribute          Token Type
         1             program                   5                   7
         1                 fib                   4      0x7fba52500fd0
         1                   (                  14                   0
         1               input                   4      0x7fba525012e0
         1                   ,                  13                   0
         1              output                   4      0x7fba52501660
         1                   )                  14                   1
         1                   ;                  13                   1
         2                 var                  11                   0
         2                   a                   4      0x7fba52501d30
         2                   :                  10                   0
         2             integer                  10                   1
         2                   ;                  13                   1
         2                 var                  11                   0
         2                   p                   4      0x7fba52502530
         2                   :                  10                   0
         2             integer                  10                   1
         2                   ;                  13                   1
         3                 var                  11                   0
         3           numsArray                   4      0x7fba52502f50
         3                   :                  10                   0
         3               array                   9                   0
         3                   [                  14                   2
         3                   6                  12                   0
         3                  ..                   9                   1
         3                  12                  12                   0
         3                   ]                  14                   3
         3                  of                   9                   2
         3             integer                  10                   1
         3                   ;                  13                   1
         4                 var                  11                   0
         4                   q                   4      0x7fba525043b0
         4                   :                  10                   0
         4                real                  10                   2
         4                   ;                  13                   1
         6           procedure                   5                   6
         6                fib1                   4      0x7fba52504e20
         6                   (                  14                   0
         6            aLongInt                   4      0x7fba52505170
         6                   :                  10                   0
         6             integer                  10                   1
         6                   ;                  13                   1
         6                   b                   4      0x7fba52505830
         6                   :                  10                   0
         6                real                  10                   2
         6                   ;                  13                   1
         7                   c                   4      0x7fba52506790
         7                   :                  10                   0
         7             integer                  10                   1
         7                   ;                  13                   1
         7                   d                   4      0x7fba52506e50
         7                   :                  10                   0
         7             integer                  10                   1
         7                   )                  14                   1
         7                   ;                  13                   1
         8               begin                   5                   0
         9                  if                   5                   5
         9                   a                   4      0x7fba52501d30
         9                  <=                   3                   1
         9                   1                  12                   0
         9                then                   5                   8
         9                 fib                   4      0x7fba52500fd0
         9                  :=                   2                   0
         9                   c                   4      0x7fba52506790
         9                                      18                   0
        10                else                   5                   2
        10                call                   5                  10
        10                 fib                   4      0x7fba52500fd0
        10                   (                  14                   0
        10                                      18                   0
        10                   a                   4      0x7fba52501d30
        10                   -                   6                   1
        10                   1                  12                   0
        10                   ,                  13                   0
        10                   c                   4      0x7fba52506790
        10                   ,                  13                   0
        10                   b                   4      0x7fba52505830
        10                   +                   6                   0
        10                   c                   4      0x7fba52506790
        10                   )                  14                   1
        10                                      18                   0
        11                 end                   5                   3
        11                   ;                  13                   1
        13           procedure                   5                   6
        13                fib2                   4      0x7fba5250b340
        13                   (                  14                   0
        13                   a                   4      0x7fba52501d30
        13                   :                  10                   0
        13             integer                  10                   1
        13                   )                  14                   1
        13                   ;                  13                   1
        14                 var                  11                   0
        14                   b                   4      0x7fba52505830
        14                   :                  10                   0
        14                real                  10                   2
        14                   ;                  13                   1
        14                 var                  11                   0
        14                   c                   4      0x7fba52506790
        14                   :                  10                   0
        14                real                  10                   2
        14                   ;                  13                   1
        14                 var                  11                   0
        14                 sum                   4      0x7fba5250d1c0
        14                   :                  10                   0
        14             integer                  10                   1
        14                   ;                  13                   1
        15                 var                  11                   0
        15                   b                   4      0x7fba52505830
        15                   :                  10                   0
        15                real                  10                   2
        15                   ;                  13                   1
        15                                      18                   0
        16           procedure                   5                   6
        16               rawr3                   4      0x7fba5250e950
        16                   (                  14                   0
        16                   b                   4      0x7fba52505830
        16                   :                  10                   0
        16                real                  10                   2
        16                   )                  14                   1
        16                   ;                  13                   1
        17                 var                  11                   0
        17                   q                   4      0x7fba525043b0
        17                   :                  10                   0
        17                real                  10                   2
        17                   ;                  13                   1
        18               begin                   5                   0
        19                   q                   4      0x7fba525043b0
        19                  :=                   2                   0
        19                   b                   4      0x7fba52505830
        19                   +                   6                   0
        19                 sum                   4      0x7fba5250d1c0
        19                   ;                  13                   1
        19                                      18                   0
        20                call                   5                  10
        20                fib2                   4      0x7fba5250b340
        20                   (                  14                   0
        20                   q                   4      0x7fba525043b0
        20                   )                  14                   1
        20                                      18                   0
        21                 end                   5                   3
        21                   ;                  13                   1
        23               begin                   5                   0
        24                   q                   4      0x7fba525043b0
        24                  :=                   2                   0
        24                 not                  15                   0
        24                   3                  12                   0
        24                   ;                  13                   1
        24                                      18                   0
        25                   q                   4      0x7fba525043b0
        25                  :=                   2                   0
        25                   (                  14                   0
        25                   3                  12                   0
        25                   <                   3                   0
        25                   4                  12                   0
        25                   )                  14                   1
        25                 and                   7                   2
        25                   (                  14                   0
        25                 3.6                  12                   1
        25                   <                   3                   0
        25                   p                   4      0x7fba52502530
        25                   )                  14                   1
        25                                      18                   0
        25                   ;                  13                   1
        26                   a                   4      0x7fba52501d30
        26                  :=                   2                   0
        26                   a                   4      0x7fba52501d30
        26                   -                   6                   1
        26                   1                  12                   0
        26                   ;                  13                   1
        27                call                   5                  10
        27                fib1                   4      0x7fba52504e20
        27                   (                  14                   0
        27                 3.2                  12                   1
        27                   ,                  13                   0
        27                                      18                   0
        27                   1                  12                   0
        27                   )                  14                   1
        27                                      18                   0
        27                                      18                   0
        27                   ;                  13                   1
        28                 sum                   4      0x7fba5250d1c0
        28                  :=                   2                   0
        28                   1                  12                   0
        28                   ;                  13                   1
        29                   c                   4      0x7fba52506790
        29                  :=                   2                   0
        29                   b                   4      0x7fba52505830
        29                   ;                  13                   1
        30               while                   5                   9
        30                 not                  15                   0
        30                   (                  14                   0
        30                   a                   4      0x7fba52501d30
        30                   >                   3                   3
        30                   0                  12                   0
        30                   )                  14                   1
        30                  do                   5                   1
        31                call                   5                  10
        31               rawr3                   4      0x7fba5250e950
        31                   (                  14                   0
        31                   b                   4      0x7fba52505830
        31                   *                   7                   0
        31                   4                  12                   0
        31                   )                  14                   1
        31                                      18                   0
        31                   ;                  13                   1
        32               begin                   5                   0
        33                   a                   4      0x7fba52501d30
        33                  :=                   2                   0
        33                   a                   4      0x7fba52501d30
        33                   -                   6                   1
        33                   1                  12                   0
        33                   ;                  13                   1
        34                   b                   4      0x7fba52505830
        34                  :=                   2                   0
        34                 sum                   4      0x7fba5250d1c0
        34                   ;                  13                   1
        34                                      18                   0
        35                 sum                   4      0x7fba5250d1c0
        35                  :=                   2                   0
        35                   c                   4      0x7fba52506790
        35                   +                   6                   0
        35                 sum                   4      0x7fba5250d1c0
        35                   ;                  13                   1
        35                                      18                   0
        36                   c                   4      0x7fba52506790
        36                  :=                   2                   0
        36                   b                   4      0x7fba52505830
        37                 end                   5                   3
        37                   ;                  13                   1
        38                fib2                   4      0x7fba5250b340
        38                  :=                   2                   0
        38                 sum                   4      0x7fba5250d1c0
        38                                      18                   0
        39                 end                   5                   3
        39                   ;                  13                   1
        41           procedure                   5                   6
        41                init                   4      0x7fba5260f370
        41                   ;                  13                   1
        42               begin                   5                   0
        43                   n                   4      0x7fba5260fe20
        43                  :=                   2                   0
        43                  12                  12                   0
        43                                      18                   0
        43                   ;                  13                   1
        44                  if                   5                   5
        44                 not                  15                   0
        44                   (                  14                   0
        44                   1                  12                   0
        44                   <                   3                   0
        44                  74                  12                   0
        44                   )                  14                   1
        44                  or                   6                   2
        44                   3                  12                   0
        44                then                   5                   8
        44                                      18                   0
        44                   p                   4      0x7fba52502530
        44                  :=                   2                   0
        44                   (                  14                   0
        44                   1                  12                   0
        44                   >                   3                   3
        44                   2                  12                   0
        44                   )                  14                   1
        44                 and                   7                   2
        44                   (                  14                   0
        44                   3                  12                   0
        44                   <                   3                   0
        44                   n                   4      0x7fba5260fe20
        44                   )                  14                   1
        44                                      18                   0
        45                else                   5                   2
        45                   p                   4      0x7fba52502530
        45                  :=                   2                   0
        45                 not                  15                   0
        45                   2                  12                   0
        45                   ;                  13                   1
        45                                      18                   0
        46           numsArray                   4      0x7fba52502f50
        46                   [                  14                   2
        46                   3                  12                   0
        46                   ]                  14                   3
        46                  :=                   2                   0
        46               15.56                  12                   1
        46                   ;                  13                   1
        46                                      18                   0
        47                   q                   4      0x7fba525043b0
        47                  :=                   2                   0
        47                   q                   4      0x7fba525043b0
        47                   [                  14                   2
        47                   4                  12                   0
        47                   ]                  14                   3
        47                   ;                  13                   1
        47                                      18                   0
        48                   q                   4      0x7fba525043b0
        48                   [                  14                   2
        48                   4                  12                   0
        48                   ]                  14                   3
        48                  :=                   2                   0
        48                                      18                   0
        48                  12                  12                   0
        49                 end                   5                   3
        49                   ;                  13                   1
        51               begin                   5                   0
        52                call                   5                  10
        52                init                   4      0x7fba5260f370
        52                   ;                  13                   1
        53                call                   5                  10
        53                fib2                   4      0x7fba5250b340
        53                   ;                  13                   1
        53                                      18                   0
        54                call                   5                  10
        54               rawr3                   4      0x7fba5250e950
        54                   (                  14                   0
        54                                      18                   0
        54                  34                  12                   0
        54                   ,                  13                   0
        54                  56                  12                   0
        54                   )                  14                   1
        55                 end                   5                   3
        55                   .                  13                   2
        56                 EOF                   1                   0
